110, 98, 96, 90, 88, 80, 66, 63, 59, 58, 54, 31, 29, 28, 25, 24, 23, 16, 13, 12, 8, 7, 6, 4, 3, 110, 98, 96, 90, 88, 80, 69, 68, 63, 57, 54, 31, 29, 28, 25, 24, 23, 19, 16, 13, 12, 8, 7, 6, 4, 3, 1
93, 92, 90, 61, 60, 59, 58, 53, 52, 50, 49, 27, 26, 25, 23, 22, 6, 5, 4, 86, 84, 82, 64, 35, 34, 29, 26, 25, 24, 22, 18, 14, 1, 79, 78, 63, 61, 60, 57, 56, 23, 22, 19, 7, 6, 3, 1
108, 99, 98, 96, 93, 85, 83, 81, 73, 70, 55, 47, 43, 41, 39, 37, 36, 31, 30, 29, 27, 26, 24, 23, 21, 15, 7, 6, 4, 3, 2, 108, 98, 96, 83, 81, 79, 73, 70, 41, 39, 37, 36, 31, 30, 29, 27, 26, 25, 24, 23, 21, 17, 15, 7, 6, 4, 3, 2, 110, 103, 99, 98, 97, 96, 85, 83, 81, 77, 76, 71, 70, 55, 54, 47, 43, 38, 36, 33, 31, 30, 23, 22, 15, 7, 3, 71, 70, 33, 32, 31, 30, 23, 22, 18, 2, 110, 103, 99, 85, 83, 81, 71, 70, 55, 47, 43, 33, 32, 31, 30, 23, 22, 15, 7, 3
93, 91, 65, 59, 58, 57, 51, 49, 48, 47, 45, 44, 43, 35, 34, 1, 102, 100, 99, 92, 90, 65, 63, 61, 59, 58, 55, 51, 49, 48, 47, 45, 44, 43, 68, 64, 51, 43, 38, 34, 32, 23, 21, 19, 2, 1, 0, 68, 65, 60, 58, 51, 49, 48, 47, 45, 44, 43, 34, 32, 19, 3
88, 64, 62, 61, 59, 57, 56, 35, 33, 32, 31, 30, 23, 22, 7, 2, 1, 115, 99, 97, 95, 94, 91, 86, 83, 82, 60, 59, 57, 56, 39, 30, 22, 3, 2, 1
80, 67, 66, 64, 62, 60, 59, 58, 50, 92, 85, 67, 66, 64, 62, 59, 51, 50, 49, 48, 45, 44, 42, 100, 99, 91, 90, 84, 77, 67, 66, 65, 64, 62, 59, 50, 48, 45, 44, 39, 30, 27, 25, 24, 16, 15, 12, 10, 8, 6, 5, 4, 3, 2, 101, 97, 93, 91, 45, 24, 23, 22, 6, 4, 2, 99, 91, 90, 77, 67, 66, 65, 62, 59, 50, 48, 46, 45, 44, 42, 39, 30, 25, 24, 17, 5, 4
98, 96, 76, 75, 74, 70, 54, 31, 25, 24, 5, 4, 111, 96, 89, 85, 84, 80, 76, 75, 74, 70, 66, 65, 62, 60, 58, 51, 49, 46, 45, 44, 42, 31, 25, 23, 22, 14, 13, 8, 7, 6, 5, 3, 2, 111, 107, 99, 98, 96, 91, 88, 54, 47, 46, 44, 43, 42
66, 65, 61, 59, 58, 65, 63, 61, 35, 31, 25, 23, 9, 65, 60, 35, 25, 23, 22, 99, 97, 87, 85, 83, 82, 80, 74, 54, 47, 46, 43, 42, 31, 30, 25, 24, 23, 17, 14, 5, 0, 99, 97, 85, 80, 67, 65, 58, 54, 47, 46, 43, 42, 35, 25, 24, 6, 2, 0, 67, 65, 58, 35, 33, 7, 6
112, 111, 105, 104, 98, 80, 78, 77, 76, 73, 72, 70, 55, 54, 47, 36, 28, 26, 20, 16, 110, 109, 97, 80, 78, 69, 67, 66, 57, 47, 46, 33, 32, 19, 16, 1, 0, 55, 53, 51, 49, 48, 47, 45, 44, 83, 72, 30, 26, 24, 20, 15
95, 69, 41, 39, 37, 23, 22, 19, 18, 10, 7, 6, 3, 1, 0, 67, 66, 58, 56, 30, 27, 23, 22, 10, 7, 6, 5, 3, 1, 0, 73, 70, 68, 34, 33, 32, 5, 93, 92, 91, 89, 85, 81, 80, 76, 73, 62, 61, 53, 52, 51, 37, 35, 34, 32, 29, 17, 15, 11, 7, 3, 1, 115, 111, 110, 105, 85, 81, 75, 47, 46, 39, 36, 29, 27, 22, 21, 5, 3
