4 4 5 4 4 5 4 5 5 6 4 4 4 4 5 5 4 7 4 4 4 4 5 7 5 7 5 4 8 7 4 4 6 6 6 5 5 4 6 6 4 4 5 7 4 4 4 6 4 7 4 9 7 9 12 4 5 4 10 7 4 4 7 4 4 9 7 8 4 4 4 5 9 8 6 11 8 6 7 14 5 11 4 5 8 7 7 12 9 8 5 4 8 4 5 8 6 5 5 5 9 5 5 5 4 9 11 6 4 8 6 14 4 4 6 12 8 11 12 7 11 6 9 6 13 8 6 4 4 4 6 16 5 10 9 4 5 4 5 17 16 11 16 6 17 16 19 25 13
4 4 4 4 4 5 5 4 5 4 5 4 4 5 4 4 4 7 6 4 10 4 6 6 7 5 4 5 4 4 4 4 5 5 5 7 4 5 4 4 4 12 4 5 4 4 7 4 5 5 4 4 4 4 4 4 8 6 5 4 6 4 6 9 5 6 6 4 9 12 6 9 5 4 4 6 4 5 6 9 7 7 7 5 18 7 4 6 10 5 7 4 4 10 7 6 6 4 4 4 8 8 4 8 12 9 4 4 4 4 8 6 9 6 5 5 4 7 6 9 4 8 4 4 6 10 6 4 15 7 5 4 6 12 4 6 8 17 6 4 9 16 9 6 38 4 4 5 4 4 4 17 7 6 4 5 10 7 4 6 4 4 4 6 6 4 5 4 6 4 9 15 7 6 4 5 16 9 5 15 7 7 8 6 5 18 8 5 4 5 5 40 8 4 6 4 5 4 6 5 6 10 16 4 21 23 7 4 6 4 7 11 14 21 10 11 14 7 14 17
4 4 4 4 4 4 4 4 4 4 4 4 4 5 6 4 7 7 6 8 6 5 8 9 4 10 12 7 4 9 4 8 6 5 6 4 4 7 4 4 8 7 6 6 5 6 5 5 4 17 5 5 5 8 5 5 4 12 7 5 4 6 5 5 4 7 5 4 4 5 13 7 6 4 4 22 4 5 12 6 4 4 12 13 5 7 12 4 4 6 15 4 7 4 6 6 6 5 4 4 8 6 5 5 10 5 12 4 4 6 4 6 9 6 15 4 6 5 4 8 5 5 10 6 5 11 4 19 8 16 4 17 5 5 9 4 4 5 10 12 8 5 6 6 9 10 7 4 9 4 13 4 8 4 4 4 11 5 4 4 4 5 4 10 6 5 18 20 14 8 9 23 4 13 18 5 5 8 9 18 15 16 17 16 26 15 13 25 10 18 13 22
4 4 4 4 5 5 5 5 4 7 4 4 4 7 4 5 5 4 4 4 4 4 5 4 4 6 5 4 5 4 7 5 4 6 4 5 4 5 4 6 5 5 7 5 9 5 7 5 9 7 9 5 5 4 5 11 8 11 12 8 14 6 9 14 11 17 5 10 5 5 5 14 4 5 5 9 6 7 7 7 5 9 5 7 9 5 6 13 5 4 4 4 9 15 9 5 4 5 5 9 4 5 5 4 6 8 4 4 5 4 16 4 8 14 5 15 4 21 6 15 4 5 13 8 5 5 8 4 7 7 4 21 6 8 7 13 12 7 4 4 13 7 13 14 4 13 17 16 8 5 18 12 11 4 4 10 5 7 19 6 10 4 16 8 13 5 10 22 9 16 12 19 8
4 5 4 4 4 4 4 4 4 4 4 5 8 4 4 4 4 10 5 4 4 5 4 4 6 4 5 6 7 4 7 16 6 4 5 4 4 4 4 4 7 7 4 4 6 5 8 4 7 10 11 24 4 5 4 6 10 20 5 5 5 4 5 4 4 4 13 6 4 12 9 9 4 4 31 5 17 25 4 4 4 14 7 9 5 10 6 6 6 8 9 6 7 9 8 14 10 9 4 13 4 10 8 9 8 4 4 8 4 5 4 8 5 5 18 4 11 17 9 9 5 4 18 10 4 4 10 5 12 5 11 15 6 6 5 8 4 4 4 10 4 6 11 4 5 8 4 13 16 8 4 17 6 4 4 4 13 8 4 9 8 6 5 21 10 21 4 6 4 6 5 5 4 12 6 5 4 5 10 5 8 14 5 5 30 5 7 6 7 4 5 18 19 10 16 24 10 20
4 4 4 4 5 4 4 4 4 4 4 4 5 4 4 4 4 4 4 4 4 4 4 4 4 5 4 5 5 7 4 5 4 4 7 7 4 6 6 4 5 5 6 6 7 4 5 8 4 6 4 7 4 9 8 4 4 4 5 6 4 5 4 7 4 4 7 4 4 4 4 6 5 4 8 5 4 4 6 6 10 6 6 8 4 4 9 9 4 9 7 5 6 5 6 9 5 4 5 7 4 4 9 8 4 4 6 15 6 11 7 6 5 4 4 7 13 14 7 5 5 5 5 15 6 7 6 4 4 4 6 6 19 17 8 6 9 4 4 5 4 6 5 6 9 6 4 9 9 11 13 8 6 5 7 5 7 9 6 6 4 5 9 7 4 10 6 7 4 13 5 4 17 4 4 9 7 4 11 5 6 30 10 12 12 5 16 6 5 7 12 4 8 8 4 4 11 11 4 5 4 4 4 5 14 12 12 9 5 12 13 28 4 5 12 9 6 11 14 18 13 4 9 21 19 6 13 18 13 11 9
5 4 4 6 4 4 4 4 6 5 4 7 4 4 4 4 4 5 7 4 4 4 6 6 4 4 6 4 6 5 5 5 6 5 4 5 5 4 11 6 13 5 6 4 4 7 14 5 9 6 4 5 10 5 7 4 7 4 10 4 10 4 5 10 5 5 16 5 11 10 20 5 6 4 5 6 5 6 7 4 4 6 15 4 9 4 10 4 4 6 5 8 4 4 5 6 4 8 10 5 4 5 4 6 5 4 10 6 5 8 4 4 13 8 6 4 6 16 9 6 6 5 4 5 4 4 4 5 6 8 4 18 18 12 11 12 19 19 7 9 15 23 26 22 4
5 4 5 8 4 6 4 5 4 4 4 5 5 6 5 4 10 6 5 6 6 8 10 4 6 6 4 5 5 6 9 4 4 6 5 4 6 4 8 4 4 4 4 6 4 9 5 4 8 4 4 4 5 4 4 10 8 19 5 5 4 4 4 5 4 6 6 6 8 9 14 5 10 6 7 8 17 4 17 5 4 4 8 7 4 11 5 12 5 9 4 9 6 7 9 5 7 6 7 4 6 4 6 4 11 5 16 5 6 5 15 12 12 10 5 5 14 9 10 12 4 4 4 7 6 7 8 7 6 5 4 8 4 7 4 4 6 5 12 9 13 18 17 13 5 17 16 11 10 9 8 7 18 6 6 13 23 15 14
4 4 4 4 5 7 4 4 4 5 6 5 4 7 4 4 4 5 4 5 4 5 8 5 5 4 4 4 4 6 6 4 4 4 4 5 5 4 4 6 7 7 4 7 4 11 7 6 4 11 5 4 6 4 4 10 10 4 4 4 7 8 7 4 5 10 7 4 5 9 5 4 4 4 4 7 4 4 5 5 5 4 4 10 4 5 4 4 8 4 7 4 6 4 6 9 4 7 8 6 9 4 6 4 8 6 4 9 7 5 4 7 4 5 6 4 4 8 4 6 4 13 5 6 4 6 4 4 8 5 4 4 4 7 7 9 8 9 6 16 15 4 12 7 4 5 9 6 5 5 10 5 6 12 4 8 8 7 4 30 14 12 15 8 14 11 13 12 10
4 4 4 4 4 4 4 4 5 4 7 7 4 4 5 5 5 5 4 6 5 4 5 8 5 7 6 6 4 4 8 4 4 6 6 4 5 6 4 4 4 4 5 4 4 4 7 8 4 8 4 6 8 4 4 7 4 5 5 4 12 7 5 7 6 9 4 9 8 9 8 4 5 5 6 4 6 8 9 4 7 9 19 4 8 17 11 5 15 8 5 12 5 8 4 4 7 8 4 5 4 10 4 8 8 5 6 6 11 6 4 4 5 5 4 10 4 4 5 8 13 4 7 4 10 7 5 5 5 5 10 5 4 8 5 11 4 11 4 5 7 7 9 4 8 5 5 4 8 7 8 22 9 7 11 6 34 7 4 6 4 14 7 7 20 4 15 24 6 5 5 10 12 10 15 5 4 5 5 4 23 14 15 5 31 21 5 4 6 11 17 4 16 7 6 5 11 15 4 14 7 4 6 18 15 18 8 8 13
