4 4 4 4 4 5 4 4 6 4 4 4 5 4 5 6 4 6 4 4 4 6 5 9 4 4 4 4 8 8 8 4 10 4 4 5 8 6 8 6 4 4 4 9 8 5 5 5 7 10 5 6 4 7 9 9 9 10 7 6 13 9 7 4 9 7 5 7 4 8 4 4 7 11 4 8 8 5 8 10 6 7 7 6 11 4 5 6 6 5 6 5 9 6 6 8 6 6 4 4 10 7 15 7 12 6 4 7 11 8 4 4 4 8 4 6 6 14 8 13 4 11 5 7 4 10 13 5 5 5 4 5 12 9 4 14 4 5 5 11 4 5 4 4 4 7 8 11 10 16 16 16 16 22
4 4 5 5 4 5 4 6 4 4 4 4 5 4 4 6 4 4 7 4 4 4 4 5 4 4 4 4 4 4 9 5 4 4 4 4 4 7 4 5 6 7 4 5 6 4 5 5 4 5 4 7 7 12 6 4 7 8 5 4 7 10 9 7 12 6 4 5 11 5 6 4 4 9 6 6 4 9 7 10 5 7 8 4 4 7 4 11 11 7 15 5 13 6 6 7 17 6 9 9 5 4 5 13 6 10 14 5 4 6 4 17 24 6 5 6 5 10 11 4 5 7 6 9 11 5 9 5 10 16 6 6 4 20 5 4 8 4 19 4 7 13 7 5 6 5 5 5 13 9 6 19 5 4 7 10 5 21 8 12 7 6 7 5 15 13 4 4 9 4 5 5 6 28 5 8 10 7 4 4 4 5 10 6 4 5 4 27 5 5 9 5 9 6 4 5 5 4 9 6 9 12 32 12 28 17 20 12 14 20 22
5 5 4 4 4 4 5 5 5 6 4 4 4 4 5 4 5 5 5 7 4 9 5 11 4 5 7 5 4 4 6 7 4 4 4 4 5 5 8 6 7 4 7 5 6 4 4 8 8 4 4 4 4 6 6 10 4 4 6 6 8 6 8 4 6 8 4 5 6 5 4 6 4 6 7 17 4 7 4 5 5 12 6 7 4 4 4 4 6 9 4 5 6 5 4 9 4 6 6 11 6 7 5 9 5 8 8 6 8 7 22 4 4 4 4 5 5 5 6 5 6 4 4 12 5 5 4 4 20 4 32 9 4 10 4 6 8 8 7 5 10 8 12 9 4 5 5 8 6 6 7 7 5 5 8 6 5 11 5 7 6 14 8 18 4 12 11 27 7 6 5 8 4 9 18 17 17 13 13 18 6
4 4 4 4 5 7 6 5 4 5 4 4 5 4 4 4 4 4 4 4 8 5 6 7 7 6 4 4 4 4 4 7 5 6 6 5 5 5 8 5 5 4 9 7 10 5 10 4 6 6 5 5 12 9 8 4 6 6 4 7 11 13 9 4 4 5 6 4 5 5 5 4 4 9 5 6 8 6 4 4 14 8 9 4 4 6 4 5 7 4 5 12 5 5 15 4 8 6 5 5 5 11 5 5 5 4 4 4 4 16 11 5 4 12 4 9 15 5 4 4 6 4 4 4 5 21 17 6 4 5 5 4 5 6 8 7 8 8 6 9 4 5 4 12 5 6 6 16 4 7 6 5 11 10 11 21 4 4 26 25 16 4 8 20 4 9 20 16 18 19 13 19 18
5 4 5 9 5 4 4 4 4 4 4 4 6 4 4 4 6 4 4 5 4 4 5 4 6 4 5 5 4 4 6 6 5 6 4 10 10 4 8 9 8 7 5 5 10 4 4 13 10 8 18 4 5 7 7 5 10 14 7 7 15 4 4 4 4 4 9 7 6 4 10 4 4 7 6 6 7 5 7 11 6 6 6 7 7 5 4 4 18 8 6 6 9 4 7 6 7 6 11 7 4 4 4 4 12 5 4 10 9 4 6 7 16 5 5 4 12 8 4 11 4 12 13 8 16 8 7 4 10 16 15 17 5 5 4 5 4 4 9 11 4 12 4 6 6 9 8 11 12 5 7 4 9 4 7 6 13 5 7 14 17 28 13 15 13 4 8 7 7 9 4 4 23 9 14 6 8 5 5 4 4 10 10 5 5 13 19 5 10 13 13 4 24 24 5 5 12 8 4 13 11 17 18 8 15 14
5 5 6 4 4 4 4 5 4 5 4 4 4 5 4 5 5 4 5 4 4 4 4 4 4 4 4 4 4 5 5 6 9 7 5 4 8 4 5 4 9 4 5 4 5 8 7 6 4 6 8 5 6 4 6 4 6 5 9 8 4 6 4 5 5 5 4 4 6 5 5 5 13 10 5 5 4 10 5 5 16 8 4 11 5 9 6 4 6 4 6 7 9 6 9 10 9 4 5 6 5 4 4 4 10 16 16 6 9 4 4 10 5 9 4 12 10 9 12 4 8 4 6 8 6 9 4 9 8 11 6 11 5 27 5 4 4 7 8 5 4 5 4 11 4 4 7 8 14 12 13 4 5 9 7 11 11 9 5 5 5 5 5 5 6 14 4 14 5 4 4 6 10 6 6 10 4 15 5 7 19 6 8 5 7 4 6 24 4 11 6 9 5 22 4 29 7 25 24 4 4 4 8 5 24 23 13 20 4 4 5 19 8 27 21 8 18 12 21 6 4 34 6 4 5 11 5 20 16 15 9 11 11
5 6 7 4 4 4 4 7 5 5 6 5 5 4 4 6 4 4 4 4 5 4 4 4 4 4 9 9 8 8 10 5 5 5 4 4 5 4 6 5 4 5 5 4 7 4 6 6 4 10 14 6 4 4 4 6 4 5 5 6 4 5 7 4 4 5 4 6 6 6 4 5 4 5 18 5 4 5 4 4 4 4 5 5 4 5 4 4 5 6 4 5 6 9 4 4 4 6 7 8 5 8 5 5 4 4 4 4 7 5 5 5 4 8 15 11 7 21 14 25 4 6 5 19 20 4 12 16 16 13 12
4 4 4 4 4 4 4 5 4 5 4 8 5 4 4 4 4 8 4 4 4 4 4 4 4 6 4 6 5 4 8 6 5 6 4 5 5 4 8 6 5 6 4 4 5 4 5 7 5 7 7 6 5 4 4 7 6 5 8 10 6 9 5 5 5 13 12 6 6 4 12 7 7 9 5 19 11 11 11 12 4 4 4 4 4 4 5 12 9 8 5 4 10 5 7 12 12 4 8 4 4 5 5 13 4 12 5 13 13 5 6 4 8 4 15 4 4 4 4 4 11 4 4 5 9 4 4 5 4 4 6 17 5 17 5 10 6 22 4 4 22 6 7 4 4 6 13 14 20 27 24 6 10 26 22 15 13 14 18 11 16 17 11 5 10
4 4 4 5 4 4 4 5 6 5 5 7 4 6 7 6 10 6 6 4 5 5 4 6 5 9 4 4 6 4 4 5 6 4 6 8 4 5 5 7 7 4 5 5 8 6 6 4 4 4 5 5 5 4 5 13 8 6 12 5 4 10 4 7 4 5 13 7 15 6 7 5 4 6 4 4 5 4 8 14 4 5 5 5 5 10 7 4 4 4 4 4 6 11 5 4 5 4 4 4 6 10 4 8 16 13 5 11 5 14 5 5 8 7 4 5 9 10 7 4 8 4 4 4 4 4 4 4 4 7 6 6 4 5 4 7 9 4 8 4 10 6 4 5 6 14 5 6 4 5 18 4 6 5 6 5 4 4 8 4 10 14 17 13 19 19 15 11 12 14 20
4 4 4 4 5 4 4 4 4 5 5 4 9 4 4 6 5 4 4 5 7 6 6 6 5 4 4 4 5 5 4 5 4 5 6 8 6 4 6 4 8 4 5 4 4 8 5 4 6 4 4 7 11 4 4 8 4 6 5 6 5 4 5 6 4 4 6 4 8 5 5 5 8 4 6 9 7 5 4 4 5 6 5 6 11 5 4 4 5 4 6 22 7 10 5 6 7 14 4 8 5 4 15 4 5 4 16 7 9 5 6 5 5 13 5 7 5 8 7 5 4 5 11 6 8 5 17 8 4 4 7 6 6 5 20 8 4 5 5 9 5 11 7 4 5 4 6 5 10 5 7 13 7 9 4 5 6 9 7 32 7 6 4 8 4 4 14 10 20 11 9 4 10 6 4 6 4 30 5 6 7 9 18 13 7 6 7 4 6 4 6 5 5 4 5 9 13 23 8 17 21 9 4 5 17 19 13 9 5 6 13 14 18 16
