5 4 4 4 4 4 5 4 4 5 5 7 4 4 4 4 4 6 6 4 4 6 5 5 5 4 4 4 5 4 4 5 6 4 4 6 8 4 4 4 7 4 6 4 10 27 24 10 29 25 13
7 4 4 4 5 4 6 7 4 5 4 4 4 5 4 5 4 4 4 4 4 6 8 4 12 5 5 9 8 5 4 5 4 4 4 5 4 4 10 5 5 13 8 4 5 10 6 8 7 4 7 4 4 6 4 4 4 6 7 5 6 7 4 9 6 5 7 13 4 4 11 19 14 17 14 11 15 35 28 19 32 19
4 5 4 6 5 4 6 7 4 5 4 5 6 5 5 5 4 5 4 4 4 5 5 4 4 5 6 5 5 4 4 4 8 4 5 5 5 7 6 7 5 22 5 7 4 7 4 4 4 4 28 5 8 4 10 29 8 32 4 4 4 5 20 27 16 10 18 20 30 20 21
5 4 4 4 4 5 5 9 4 4 4 5 6 4 5 4 6 4 4 4 4 5 4 4 4 5 6 4 11 6 12 4 7 4 4 4 5 6 11 5 8 7 7 4 10 9 5 7 14 10 18 8 18 15 12 16 16
4 4 4 4 4 4 4 4 4 5 4 5 5 4 4 4 6 4 6 6 5 5 4 11 4 12 4 6 4 10 5 4 5 9 4 4 4 7 5 5 5 6 8 4 13 6 5 4 5 5 4 4 4 5 10 4 8 4 4 4 4 7 4 10 5 4 17 4 6 7 10 14 14 16 14 19
6 5 4 4 4 5 6 9 4 4 6 6 4 4 6 8 5 5 4 4 10 7 4 4 5 14 5 4 5 4 5 5 11 4 5 4 10 5 4 4 4 8 14 6 4 8 4 4 4 4 4 23 4 4 13 9 31 5 4 5 5 15 4 4 7 14 7 5 5 11 24 9 8 17
6 5 4 4 4 4 5 4 5 4 5 4 4 4 4 4 4 4 5 4 4 4 5 4 5 6 4 4 4 4 4 5 5 4 30 25 30 33 25 11 15 15 13 12 24 13 23 12
4 6 4 4 4 4 4 4 4 6 6 4 4 6 4 8 5 5 4 4 4 4 4 4 7 6 7 4 6 5 8 5 8 7 7 9 13 21 14 13 20 16 10 18 21 22 5 18 22 15 12 13 17
5 6 5 6 4 4 4 4 4 5 5 4 4 4 5 4 4 8 4 7 4 4 5 5 5 4 4 6 5 4 6 4 5 8 9 6 9 7 7 4 11 4 8 6 4 6 14 24 20 17 20 17 8 7 11
4 6 4 7 4 4 5 4 4 4 5 4 5 4 4 4 4 5 5 4 4 10 4 4 4 6 5 10 8 5 5 4 4 6 4 5 7 4 4 5 5 4 5 4 6 4 5 4 7 9 13 6 13 12 6 5 4 6 4 23 6 9 6 17 12 4 7 9 6 9 26 5 4 7 4 6 4 15 15
